EmployeeID	M1	M2	M3	M4	M5	M6	M7	M8	M9	M10	M11	M12
1	7.500	2.000	5.000	1000	10.000	5.000	20.000	5.000	7.500	12.500	5.000	15.000
2	2.500	1.000	2.500	15.000	5.000	7.500	7.500	2.500	10.000	10.000	5.000	7.500
3	6.000	10.000	10.000	10.000	20.000	5.000	2.500	5.000	5.000	7.500	10.000	17.500
4	25.000	12.500	5.000	12.500	5.000	5.000	5.000	15.000	7.500	10.000	5.000	17.500
5	5.000	5.000	2.500	5.000	5.000	5.000	5.000	5.000	5.000	5.000	5.000	5.000
6	2.500	2.500	2.500	7.500	7.500	5.000	2.500	2.500	2.500	6.000	6.000	7.500
7	10.000	5.000	5.000	5.000	5.000	2.500	5.000	5.000	12.500	2.500	2.500	5.000
8	5.000	7.500	5.000	2.500	2.500	2.500	2.500	5.000	2.500	10.000	3.000	3.000
9	2.500	2.500	2.500	2.500	2.500	3.000	2.500	1.000	8.000	2.500	7.000	1.000
