EmployeeID	M1	M2	M3	M4	M5	M6	M7	M8	M9	M10	M11	M12
1	0	0	0	0	0	0	5.000	5.000	5.000	5.000	10.000	10.000
2	0	0	0	0	0	0	1.000	2.000	2.500	5.000	5.000	7.500
3	0	0	0	0	0	0	2.000	3.000	4.000	5.000	5.000	5.000
4	0	0	0	0	0	0	10.000	3.000	3.000	10.000	10.000	5.000
5	0	0	0	0	0	0	2.000	2.000	1.000	1.000	3.000	10.000
6	0	0	0	0	0	0	2.000	2.000	3.000	2.000	2.000	5.000
7	0	0	0	0	0	0	2.000	2.000	1.000	3.000	10.000	2.000
8	0	0	0	0	0	0	1.000	8.000	4.000	2.000	2.000	6.000
9	0	0	0	0	0	0	4.000	2.000	2.000	5.000	2.000	2.000
